74
61
54
98
93
64
89
59
62
93
78
56
72
77
79
72
77
53
49
87
98
57
77
96
45
73
58
94
98
84
54
45
84
69
75
90
94
45
65
79
73
70
82
56
87
82
68
70
84
49
63
77
68
65
89
49
62
61
100
47
69
79
55
70
66
57
68
91
100
68
48
70
53
68
59
96
49
58
81
52
96
64
85
88
58
90
52
97
83
95
53
90
69
95
96
51
85
85
48
51
62
75
68
61
100
95
64
61
54
97
80
89
71
70
68
70
88
69
73
92
62
73
70
79
52
72
59
76
72
94
95
56
76
80
64
65
74
93
64
88
57
86
93
82
92
